[10.03 01:11:33] 138 20 -18 0
[10.03 01:11:34] 65572 7 -2 0
[10.03 01:11:34] 65574 17 -11 0
[10.03 01:11:35] 198 23 9 0
[10.03 01:11:36] 65577 20 -11 0
[10.03 01:11:36] 65578 10 -2 0
[10.03 01:11:37] 571 12 -18 0
[10.03 01:11:38] 65616 22 -6 0
[10.03 01:11:39] 191 5 -7 0
[10.03 01:11:39] 701 23 -13 0
[10.03 01:11:40] 789 17 -17 0
[10.03 01:11:41] 65539 7 4 0
[10.03 01:11:41] 103 9 -16 0
[10.03 01:11:42] 65552 10 3 0
[10.03 01:11:42] 83 20 10 0
[10.03 01:11:43] 65550 12 2 0
[10.03 01:11:44] 65551 12 3 0
[10.03 01:11:45] 65554 7 -8 0
[10.03 01:11:45] 797 23 -13 0
[10.03 01:11:46] 796 23 -15 0
[10.03 01:11:47] 831 7 0 0
[10.03 01:11:47] 836 20 -15 0
[10.03 01:11:48] 697 22 -15 0
[10.03 01:11:48] 183 17 -17 0
[10.03 01:11:49] 835 7 -11 0
[10.03 01:11:50] 45 19 7 0
[10.03 01:11:50] 818 23 7 0
[10.03 01:11:51] 573 13 -17 0
[10.03 01:11:52] 65626 15 0 0
[10.03 01:11:52] 65627 16 0 0
[10.03 01:11:53] 186 16 -17 0
[10.03 01:11:53] 65625 14 0 0
[10.03 01:11:54] 65607 12 -9 0
[10.03 01:11:55] 65596 22 3 0
[10.03 01:11:55] 503 8 -12 0
[10.03 01:11:56] 65565 14 -11 0
[10.03 01:11:57] 140 8 -3 0
[10.03 01:11:57] 65609 10 -7 0
[10.03 01:11:58] 65606 12 -11 0
[10.03 01:11:58] 716 23 11 0
[10.03 01:11:59] 65604 11 1 0
[10.03 01:12:00] 65605 10 -11 0
[10.03 01:12:00] 565 11 -13 0
[10.03 01:12:01] 65583 10 -4 0
[10.03 01:12:01] 65610 12 5 0
[10.03 01:12:02] 65549 12 1 0
[10.03 01:12:03] 65548 12 0 0
[10.03 01:12:03] 75 21 9 0
[10.03 01:12:04] 794 13 -17 0
[10.03 01:12:05] 65600 21 -2 0
[10.03 01:12:05] 65540 10 5 0
[10.03 01:12:06] 69 19 9 0
[10.03 01:12:06] 65544 19 -3 0
[10.03 01:12:07] 65546 19 -9 0
[10.03 01:12:08] 77 21 7 0
[10.03 01:12:09] 65608 10 -9 0
[10.03 01:12:10] 65628 17 0 0
[10.03 01:12:10] 65617 22 -6 0
[10.03 01:12:11] 695 23 -15 0
[10.03 01:12:11] 788 15 -17 0
[10.03 01:12:12] 790 19 -17 0
[10.03 01:12:13] 828 15 -4 0
[10.03 01:12:14] 65624 13 0 0
[10.03 01:12:14] 685 30 2 0
