[10.03 01:19:51] 198 23 9 0
[10.03 01:19:51] 197 8 -2 2
[10.03 01:19:52] 191 5.14 -7.3 6
[10.03 01:19:52] 192 11 -3 6
[10.03 01:19:53] 65551 17 1 0
[10.03 01:19:54] 65538 7 -4 0
[10.03 01:19:54] 65539 7 5 0
[10.03 01:19:55] 65540 13 -1 0
[10.03 01:19:56] 65552 18 -2 0
[10.03 01:19:56] 83 20 10 6
[10.03 01:19:57] 65550 15 1 0
[10.03 01:19:57] 65537 7 -9 0
[10.03 01:19:58] 84 18 0 0
[10.03 01:19:59] 832 8 -9 0
[10.03 01:19:59] 693 20 -12 2
[10.03 01:20:00] 830 14 -1 0
[10.03 01:20:00] 831 7 0 6
[10.03 01:20:01] 836 20 -15 0
[10.03 01:20:02] 834 21 -10 4
[10.03 01:20:02] 835 7 -11 0
[10.03 01:20:03] 69 19 9 0
[10.03 01:20:04] 45 19 7 0
[10.03 01:20:04] 818 23 7 0
[10.03 01:20:05] 503 8.6 -12.95 4
[10.03 01:20:05] 140 8 -3 0
[10.03 01:20:06] 833 9 1 0
[10.03 01:20:07] 716 23 11 0
[10.03 01:20:07] 65549 13 1 0
[10.03 01:20:08] 65548 17 2 0
[10.03 01:20:09] 75 21 9 0
[10.03 01:20:09] 65553 18 -4 0
[10.03 01:20:10] 65541 7 -6 0
[10.03 01:20:10] 103 9 -16 0
[10.03 01:20:11] 65543 8 3 0
[10.03 01:20:12] 65542 10 -1 0
[10.03 01:20:12] 65545 14 2 0
[10.03 01:20:13] 65544 10 -11 0
[10.03 01:20:14] 65547 16 2 0
[10.03 01:20:14] 65546 15 2 0
[10.03 01:20:15] 77 21 7 0
[10.03 01:20:15] 724 6 -3 0
[10.03 01:20:16] 829 15 -1 0
[10.03 01:20:17] 828 15 -4 0
[10.03 01:20:17] 685 30 2 0
[10.03 01:20:18] 687 22 2 2
[10.03 01:20:19] 686 6 2 4
[10.03 01:21:23] 198 23 9 0
[10.03 01:21:23] 197 8 -2 2
[10.03 01:21:24] 191 5 -7 6
[10.03 01:21:25] 192 11 -3 6
[10.03 01:21:25] 65551 17 1 0
[10.03 01:21:26] 65538 7 -4 0
[10.03 01:21:27] 65539 7 5 0
[10.03 01:21:27] 65540 13 -1 0
[10.03 01:21:28] 65552 18 -2 0
[10.03 01:21:28] 83 20 10 6
[10.03 01:21:29] 65550 15 1 0
[10.03 01:21:30] 65537 7 -9 0
[10.03 01:21:30] 84 18 0 0
[10.03 01:21:31] 832 8 -9 0
[10.03 01:21:31] 693 20 -12 2
[10.03 01:21:32] 830 14 -1 0
[10.03 01:21:33] 831 7 0 6
[10.03 01:21:33] 836 20 -15 0
[10.03 01:21:34] 834 21 -10 4
[10.03 01:21:35] 835 7 -11 0
[10.03 01:21:35] 69 19 9 0
[10.03 01:21:36] 45 19 7 0
[10.03 01:21:36] 818 23 7 0
[10.03 01:21:37] 503 8 -12 4
[10.03 01:21:38] 140 8 -3 0
[10.03 01:21:39] 833 9 1 0
[10.03 01:21:39] 716 23 11 0
[10.03 01:21:40] 65549 13 1 0
[10.03 01:21:41] 65548 17 2 0
[10.03 01:21:41] 75 21 9 0
[10.03 01:21:42] 65553 18 -4 0
[10.03 01:21:42] 65541 7 -6 0
[10.03 01:21:43] 103 9 -16 0
[10.03 01:21:44] 65543 8 3 0
[10.03 01:21:44] 65542 10 -1 0
[10.03 01:21:45] 65545 14 2 0
[10.03 01:21:46] 65544 10 -11 0
[10.03 01:21:46] 65547 16 2 0
[10.03 01:21:47] 65546 15 2 0
[10.03 01:21:47] 77 21 7 0
[10.03 01:21:48] 724 6 -3 0
[10.03 01:21:49] 829 15 -1 0
[10.03 01:21:49] 828 15 -4 0
[10.03 01:21:50] 685 30 2 0
[10.03 01:21:50] 687 22 2 2
[10.03 01:21:51] 686 6 2 4
