[10.03 01:14:42] 197 8 -2 2
[10.03 01:14:42] 191 5.14 -7.3 6
[10.03 01:14:43] 192 11 -3 6
[10.03 01:14:44] 65538 7 -4 0
[10.03 01:14:44] 65539 10 0 0
[10.03 01:14:45] 65540 7 4 0
[10.03 01:14:45] 83 20 10 6
[10.03 01:14:46] 65537 7 -9 0
[10.03 01:14:47] 84 18 0 0
[10.03 01:14:47] 832 8 -9 0
[10.03 01:14:48] 693 20 -12 2
[10.03 01:14:48] 830 14 -1 0
[10.03 01:14:49] 831 7 0 6
[10.03 01:14:50] 836 20 -15 0
[10.03 01:14:50] 834 21 -10 4
[10.03 01:14:51] 835 7 -11 0
[10.03 01:14:52] 503 8.6 -12.95 4
[10.03 01:14:52] 140 8 -3 0
[10.03 01:14:53] 833 9 1 0
[10.03 01:14:53] 65541 10 3 0
[10.03 01:14:54] 103 9 -16 0
[10.03 01:14:55] 65542 13 -1 0
[10.03 01:14:55] 724 6 -3 0
[10.03 01:14:56] 829 15 -1 0
[10.03 01:14:56] 828 15 -4 0
[10.03 01:14:57] 685 30 2 0
[10.03 01:14:58] 687 22 2 2
[10.03 01:14:58] 686 6 2 4
